%YAML:1.0
cam1_intrinsics: !!opencv-matrix
   rows: 3
   cols: 3
   dt: d
   data: [ 2.9686235389751396e+03, 0., 9.5646396261509960e+02, 0.,
       2.9658827556337856e+03, 7.5413692907448956e+02, 0., 0., 1. ]
cam1_distorsion: !!opencv-matrix
   rows: 1
   cols: 5
   dt: d
   data: [ -1.1870948379648723e-02, -1.1631325713071199e+00,
       1.0366701002375005e-02, 2.2366006145788050e-03,
       9.5432175912290642e+00 ]
cam1_size: [ 1920, 1280 ]
cam2_intrinsics: !!opencv-matrix
   rows: 3
   cols: 3
   dt: d
   data: [ 2.9686235389751396e+03, 0., 9.5597449728812217e+02, 0.,
       2.9658827556337856e+03, 7.5444901261808218e+02, 0., 0., 1. ]
cam2_distorsion: !!opencv-matrix
   rows: 1
   cols: 5
   dt: d
   data: [ 4.8194132344585002e-03, -1.0325969418606706e+00,
       9.9631306173283644e-03, -1.0224309935407115e-03,
       6.8099274269495274e+00 ]
cam2_size: [ 1920, 1280 ]
RT_cam1_2_cam2: !!opencv-matrix
   rows: 4
   cols: 4
   dt: d
   data: [ 9.0120356577998229e-01, -1.0838101319497219e-01,
       4.1962565341537028e-01, -1.3381573859355547e+03,
       1.0862077103795527e-01, 9.9380774378698700e-01,
       2.3402916231495999e-02, -6.8725695023467424e+01,
       -4.1956365562875597e-01, 2.4489270463808888e-02,
       9.0739551161970444e-01, 4.5345777062926101e+02, 0., 0., 0., 1. ]
R: !!opencv-matrix
   rows: 3
   cols: 3
   dt: d
   data: [ 9.0120356577998229e-01, -1.0838101319497219e-01,
       4.1962565341537028e-01, 1.0862077103795527e-01,
       9.9380774378698700e-01, 2.3402916231495999e-02,
       -4.1956365562875597e-01, 2.4489270463808888e-02,
       9.0739551161970444e-01 ]
T: !!opencv-matrix
   rows: 3
   cols: 1
   dt: d
   data: [ -1.3381573859355547e+03, -6.8725695023467424e+01,
       4.5345777062926101e+02 ]
stereo_error: 8.1484987296952094e-01
Q: !!opencv-matrix
   rows: 4
   cols: 4
   dt: d
   data: [ 1., 0., 0., -5.9448622131347656e+02, 0., 1., 0.,
       -7.4235930633544922e+02, 0., 0., 0., 2.9605546264442646e+03, 0.,
       0., 7.0692788736602678e-04, 1.0531603103321348e+00 ]
R1: !!opencv-matrix
   rows: 3
   cols: 3
   dt: d
   data: [ 9.9229463103756255e-01, -6.2093417738554160e-02,
       1.0721834119017677e-01, 6.1722756467531864e-02,
       9.9807033639178078e-01, 6.7753190955898131e-03,
       -1.0743214857796296e-01, -1.0530119998602896e-04,
       9.9421241310073161e-01 ]
R2: !!opencv-matrix
   rows: 3
   cols: 3
   dt: d
   data: [ 9.4598077380266643e-01, 4.8584110390701638e-02,
       -3.2056194380065250e-01, -4.9704008377094239e-02,
       9.9875296477356190e-01, 4.6932832079314007e-03,
       3.2039021075394664e-01, 1.1493457859331235e-02,
       9.4721592748405437e-01 ]
P1: !!opencv-matrix
   rows: 3
   cols: 4
   dt: d
   data: [ 2.9605546264442646e+03, 0., 5.9448622131347656e+02, 0., 0.,
       2.9605546264442646e+03, 7.4235930633544922e+02, 0., 0., 0., 1.,
       0. ]
P2: !!opencv-matrix
   rows: 3
   cols: 4
   dt: d
   data: [ 2.9605546264442646e+03, 0., 2.0842567186355591e+03,
       -4.1879160227716062e+06, 0., 2.9605546264442646e+03,
       7.4235930633544922e+02, 0., 0., 0., 1., 0. ]
